0 8
1 7
0 7
1 3
1 2
1 8
1 4
2 1
2 4
2 7
2 3
2 2
2 5
2 0
3 0
3 8
3 7
3 6
3 5
4 0
4 7
4 17
4 16
4 6
5 6
5 0
5 17
4 15
5 1
5 10
5 13
5 5
6 5
6 6
6 1
5 7
6 7
6 4
6 3
6 0
7 4
7 3
7 1
7 2
8 1
8 2
8 0
6 8
9 6
9 0
10 6
12 7
12 0
12 5
13 5
13 7
13 0
14 6
14 5
15 4
16 4
17 4
18 4
18 5
19 5
20 3
20 4
21 4
21 5
22 3
22 5
22 4
7 38
8 39
8 38
8 40
9 41
10 41
12 44
14 46
15 48
16 48
17 49
23 4
23 3
23 5
24 4
25 4
25 2
28 3
29 2
31 2
32 2
33 2
34 2
40 11
40 10
41 11
41 12
42 13
27 46
28 46
29 46
44 33
44 34
45 33
45 32
45 31
46 29
46 28
47 28
47 27
47 29
46 31
48 25
48 23
49 21
2 8
5 15
5 12
7 0
7 5
7 7
10 0
11 5
12 2
13 6
15 6
19 3
19 4
20 6
21 3
3 18
6 37
11 43
16 49
25 5
27 3
25 48
45 30
48 28
3 1
5 14
8 6
11 6
14 4
15 5
3 19
25 3
26 2
39 9
41 2
26 47
46 30
49 22
49 20
4 5
4 18
3 20
12 45
26 4
30 46
49 23
23 49
20 5
46 32
44 32
46 27
6 2
42 2
26 46
16 5
12 6
11 7
10 7
10 8
26 3
31 3
30 3
29 3
49 26
24 3
30 4
31 4
32 4
0 12
1 11
2 11
3 10
4 10
5 9
2 10
0 11
10 42
11 42
12 43
13 44
14 44
14 45
15 45
16 45
16 46
17 46
13 43
41 10
42 12
40 9
31 46
31 45
32 45
33 45
34 45
34 44
35 44
36 44
36 43
37 43
38 43
38 42
39 42
37 42
49 2
48 1
47 1
46 1
45 1
44 1
43 1
42 1
47 2
48 2
9 8
8 8
7 8
7 9
6 9
18 46
19 46
20 46
20 47
21 47
22 47
23 47
24 47
25 47
7 39
9 40
7 37
39 41
40 41
40 40
41 40
41 39
42 39
42 38
42 37
43 37
43 36
43 35
44 35
41 38
2 29
3 29
3 30
3 31
3 32
4 33
4 34
4 35
5 35
5 36
6 36
5 34
4 32
17 50
10 5
26 5
41 1
40 1
39 1
39 2
38 2
37 2
36 2
35 2
40 2
11 0
11 1
12 3
12 4
13 4
39 8
38 8
38 7
37 7
37 6
36 6
35 6
35 5
34 5
33 5
33 4
36 7
9 9
8 9
8 10
7 10
7 11
7 12
6 12
6 13
5 16
46 26
46 25
46 24
46 23
46 22
46 21
49 24
48 24
48 26
47 26
21 6
22 6
46 20
46 19
45 19
45 18
45 17
45 16
44 16
44 15
44 14
43 14
43 13
3 21
2 22
2 23
2 24
2 25
2 26
2 27
2 28
3 22
17 5
17 6
16 6
1 5
2 6
6 38
21 46
17 45
1 1
3 33
2 21
4 1
